1.112000000000000099e+01
1.006000000000000050e+01
1.391999999999999993e+01
1.093999999999999950e+01
1.124000000000000021e+01
1.237999999999999901e+01
1.158000000000000007e+01
1.177999999999999936e+01
1.103999999999999915e+01
1.200000000000000000e+01
1.216000000000000014e+01
1.077999999999999936e+01
1.146000000000000085e+01
1.056000000000000050e+01
1.183999999999999986e+01
1.140000000000000036e+01
1.130000000000000071e+01
1.153999999999999915e+01
1.232000000000000028e+01
1.166000000000000014e+01
1.125999999999999979e+01
1.159999999999999964e+01
1.141999999999999993e+01
1.040000000000000036e+01
1.108000000000000007e+01
1.166000000000000014e+01
1.133999999999999986e+01
1.074000000000000021e+01
1.103999999999999915e+01
1.241999999999999993e+01
1.116000000000000014e+01
1.061999999999999922e+01
1.335999999999999943e+01
1.119999999999999929e+01
1.096000000000000085e+01
1.119999999999999929e+01
1.075999999999999979e+01
1.151999999999999957e+01
1.135999999999999943e+01
1.064000000000000057e+01
1.074000000000000021e+01
1.083999999999999986e+01
1.100000000000000000e+01
1.172000000000000064e+01
1.066000000000000014e+01
1.248000000000000043e+01
1.091999999999999993e+01
1.214000000000000057e+01
1.093999999999999950e+01
1.208000000000000007e+01
1.116000000000000014e+01
1.156000000000000050e+01
1.061999999999999922e+01
1.096000000000000085e+01
1.016000000000000014e+01
1.143999999999999950e+01
1.108000000000000007e+01
1.125999999999999979e+01
1.162000000000000099e+01
1.075999999999999979e+01
1.190000000000000036e+01
1.101999999999999957e+01
1.158000000000000007e+01
1.172000000000000064e+01
1.256000000000000050e+01
1.203999999999999915e+01
1.080000000000000071e+01
1.067999999999999972e+01
1.175999999999999979e+01
1.219999999999999929e+01
1.166000000000000014e+01
1.158000000000000007e+01
1.130000000000000071e+01
1.175999999999999979e+01
1.264000000000000057e+01
1.177999999999999936e+01
1.090000000000000036e+01
1.098000000000000043e+01
1.185999999999999943e+01
1.250000000000000000e+01
1.228000000000000114e+01
1.217999999999999972e+01
1.124000000000000021e+01
1.066000000000000014e+01
1.172000000000000064e+01
1.278000000000000114e+01
1.146000000000000085e+01
1.130000000000000071e+01
1.061999999999999922e+01
1.085999999999999943e+01
1.058000000000000007e+01
1.017999999999999972e+01
1.246000000000000085e+01
1.167999999999999972e+01
1.085999999999999943e+01
1.103999999999999915e+01
1.108000000000000007e+01
1.158000000000000007e+01
1.206000000000000050e+01
1.130000000000000071e+01
1.090000000000000036e+01
1.135999999999999943e+01
1.100000000000000000e+01
1.132000000000000028e+01
1.016000000000000014e+01
1.030000000000000071e+01
1.050000000000000000e+01
1.114000000000000057e+01
1.182000000000000028e+01
1.200000000000000000e+01
1.117999999999999972e+01
1.064000000000000057e+01
1.035999999999999943e+01
1.237999999999999901e+01
1.117999999999999972e+01
1.200000000000000000e+01
1.267999999999999972e+01
1.103999999999999915e+01
1.190000000000000036e+01
1.146000000000000085e+01
1.127999999999999936e+01
1.127999999999999936e+01
1.050000000000000000e+01
1.191999999999999993e+01
1.132000000000000028e+01
1.159999999999999964e+01
1.172000000000000064e+01
1.150000000000000000e+01
1.041999999999999993e+01
1.127999999999999936e+01
1.132000000000000028e+01
1.038000000000000078e+01
1.124000000000000021e+01
1.172000000000000064e+01
1.251999999999999957e+01
1.125999999999999979e+01
1.200000000000000000e+01
1.174000000000000021e+01
1.137999999999999901e+01
1.106000000000000050e+01
1.230000000000000071e+01
1.122000000000000064e+01
1.240000000000000036e+01
1.119999999999999929e+01
1.153999999999999915e+01
1.159999999999999964e+01
1.143999999999999950e+01
1.056000000000000050e+01
1.324000000000000021e+01
1.077999999999999936e+01
1.109999999999999964e+01
1.148000000000000043e+01
1.001999999999999957e+01
1.074000000000000021e+01
1.133999999999999986e+01
1.114000000000000057e+01
1.096000000000000085e+01
1.133999999999999986e+01
1.119999999999999929e+01
1.096000000000000085e+01
1.308000000000000007e+01
1.153999999999999915e+01
1.190000000000000036e+01
1.032000000000000028e+01
1.306000000000000050e+01
1.059999999999999964e+01
1.091999999999999993e+01
1.175999999999999979e+01
1.069999999999999929e+01
1.191999999999999993e+01
1.083999999999999986e+01
1.203999999999999915e+01
1.183999999999999986e+01
1.278000000000000114e+01
9.800000000000000711e+00
1.159999999999999964e+01
1.096000000000000085e+01
1.072000000000000064e+01
1.214000000000000057e+01
1.082000000000000028e+01
1.117999999999999972e+01
1.032000000000000028e+01
1.167999999999999972e+01
1.174000000000000021e+01
1.187999999999999901e+01
1.233999999999999986e+01
1.341999999999999993e+01
1.137999999999999901e+01
1.167999999999999972e+01
1.256000000000000050e+01
1.185999999999999943e+01
1.124000000000000021e+01
1.090000000000000036e+01
1.106000000000000050e+01
1.177999999999999936e+01
1.164000000000000057e+01
1.043999999999999950e+01
1.101999999999999957e+01
1.085999999999999943e+01
1.083999999999999986e+01
1.133999999999999986e+01
1.082000000000000028e+01
1.106000000000000050e+01
1.053999999999999915e+01
1.025999999999999979e+01
1.132000000000000028e+01
1.301999999999999957e+01
1.135999999999999943e+01
1.246000000000000085e+01
1.069999999999999929e+01
1.106000000000000050e+01
1.011999999999999922e+01
1.106000000000000050e+01
1.162000000000000099e+01
1.364000000000000057e+01
1.348000000000000043e+01
1.125999999999999979e+01
1.119999999999999929e+01
1.253999999999999915e+01
1.061999999999999922e+01
1.316000000000000014e+01
1.158000000000000007e+01
1.061999999999999922e+01
1.166000000000000014e+01
1.082000000000000028e+01
1.259999999999999964e+01
1.101999999999999957e+01
1.135999999999999943e+01
1.278000000000000114e+01
1.030000000000000071e+01
1.117999999999999972e+01
1.212000000000000099e+01
1.287999999999999901e+01
1.085999999999999943e+01
1.228000000000000114e+01
1.191999999999999993e+01
1.421999999999999886e+01
1.358000000000000007e+01
1.017999999999999972e+01
1.074000000000000021e+01
1.132000000000000028e+01
1.174000000000000021e+01
1.112000000000000099e+01
1.212000000000000099e+01
1.175999999999999979e+01
1.080000000000000071e+01
1.135999999999999943e+01
1.112000000000000099e+01
1.167999999999999972e+01
1.116000000000000014e+01
1.108000000000000007e+01
1.112000000000000099e+01
1.080000000000000071e+01
1.098000000000000043e+01
1.167999999999999972e+01
1.100000000000000000e+01
1.317999999999999972e+01
1.016000000000000014e+01
1.069999999999999929e+01
1.135999999999999943e+01
1.177999999999999936e+01
1.053999999999999915e+01
1.140000000000000036e+01
1.287999999999999901e+01
1.214000000000000057e+01
1.282000000000000028e+01
1.285999999999999943e+01
1.158000000000000007e+01
1.282000000000000028e+01
1.146000000000000085e+01
1.122000000000000064e+01
1.085999999999999943e+01
1.106000000000000050e+01
1.296000000000000085e+01
1.090000000000000036e+01
1.183999999999999986e+01
1.233999999999999986e+01
1.100000000000000000e+01
1.130000000000000071e+01
1.162000000000000099e+01
1.219999999999999929e+01
1.122000000000000064e+01
1.072000000000000064e+01
1.116000000000000014e+01
1.174000000000000021e+01
1.175999999999999979e+01
1.082000000000000028e+01
1.130000000000000071e+01
1.114000000000000057e+01
1.066000000000000014e+01
1.112000000000000099e+01
1.016000000000000014e+01
1.172000000000000064e+01
1.112000000000000099e+01
1.343999999999999950e+01
1.217999999999999972e+01
1.117999999999999972e+01
1.098000000000000043e+01
1.275999999999999979e+01
1.235999999999999943e+01
1.119999999999999929e+01
1.085999999999999943e+01
1.158000000000000007e+01
1.085999999999999943e+01
1.116000000000000014e+01
1.122000000000000064e+01
1.151999999999999957e+01
1.127999999999999936e+01
1.119999999999999929e+01
1.109999999999999964e+01
1.172000000000000064e+01
1.201999999999999957e+01
1.117999999999999972e+01
1.180000000000000071e+01
1.353999999999999915e+01
1.151999999999999957e+01
1.051999999999999957e+01
1.203999999999999915e+01
1.112000000000000099e+01
1.050000000000000000e+01
1.322000000000000064e+01
1.119999999999999929e+01
9.859999999999999432e+00
1.077999999999999936e+01
1.187999999999999901e+01
1.151999999999999957e+01
1.085999999999999943e+01
1.074000000000000021e+01
1.038000000000000078e+01
1.137999999999999901e+01
1.308000000000000007e+01
1.183999999999999986e+01
1.256000000000000050e+01
1.125999999999999979e+01
1.091999999999999993e+01
1.088000000000000078e+01
1.109999999999999964e+01
1.185999999999999943e+01
1.093999999999999950e+01
1.088000000000000078e+01
1.056000000000000050e+01
1.253999999999999915e+01
1.124000000000000021e+01
1.148000000000000043e+01
1.162000000000000099e+01
1.159999999999999964e+01
1.174000000000000021e+01
1.241999999999999993e+01
1.090000000000000036e+01
1.127999999999999936e+01
1.109999999999999964e+01
1.167999999999999972e+01
1.196000000000000085e+01
1.082000000000000028e+01
1.016000000000000014e+01
1.193999999999999950e+01
1.162000000000000099e+01
1.177999999999999936e+01
1.101999999999999957e+01
1.319999999999999929e+01
1.159999999999999964e+01
1.156000000000000050e+01
1.303999999999999915e+01
1.148000000000000043e+01
1.112000000000000099e+01
1.151999999999999957e+01
1.198000000000000043e+01
1.117999999999999972e+01
1.282000000000000028e+01
1.077999999999999936e+01
1.048000000000000043e+01
1.225999999999999979e+01
1.232000000000000028e+01
1.235999999999999943e+01
1.246000000000000085e+01
1.362000000000000099e+01
1.067999999999999972e+01
1.140000000000000036e+01
1.119999999999999929e+01
1.122000000000000064e+01
1.133999999999999986e+01
1.148000000000000043e+01
1.177999999999999936e+01
1.278000000000000114e+01
1.101999999999999957e+01
1.066000000000000014e+01
1.309999999999999964e+01
1.127999999999999936e+01
1.233999999999999986e+01
1.146000000000000085e+01
1.353999999999999915e+01
1.096000000000000085e+01
1.172000000000000064e+01
1.077999999999999936e+01
1.293999999999999950e+01
1.191999999999999993e+01
1.117999999999999972e+01
1.053999999999999915e+01
1.203999999999999915e+01
1.158000000000000007e+01
1.150000000000000000e+01
1.116000000000000014e+01
1.187999999999999901e+01
1.140000000000000036e+01
1.167999999999999972e+01
1.156000000000000050e+01
1.117999999999999972e+01
1.046000000000000085e+01
1.040000000000000036e+01
1.116000000000000014e+01
1.053999999999999915e+01
1.082000000000000028e+01
1.059999999999999964e+01
1.159999999999999964e+01
1.050000000000000000e+01
1.174000000000000021e+01
1.082000000000000028e+01
1.130000000000000071e+01
1.224000000000000021e+01
1.103999999999999915e+01
1.164000000000000057e+01
1.146000000000000085e+01
1.133999999999999986e+01
9.900000000000000355e+00
1.112000000000000099e+01
1.208000000000000007e+01
1.127999999999999936e+01
1.117999999999999972e+01
1.158000000000000007e+01
1.150000000000000000e+01
1.240000000000000036e+01
1.096000000000000085e+01
1.159999999999999964e+01
1.053999999999999915e+01
1.083999999999999986e+01
1.059999999999999964e+01
1.100000000000000000e+01
1.056000000000000050e+01
1.067999999999999972e+01
1.124000000000000021e+01
1.141999999999999993e+01
1.116000000000000014e+01
1.156000000000000050e+01
1.112000000000000099e+01
1.127999999999999936e+01
1.137999999999999901e+01
1.116000000000000014e+01
1.125999999999999979e+01
1.150000000000000000e+01
1.122000000000000064e+01
1.306000000000000050e+01
1.212000000000000099e+01
1.180000000000000071e+01
1.085999999999999943e+01
1.156000000000000050e+01
1.237999999999999901e+01
1.143999999999999950e+01
1.309999999999999964e+01
1.108000000000000007e+01
1.090000000000000036e+01
1.061999999999999922e+01
1.293999999999999950e+01
1.166000000000000014e+01
1.114000000000000057e+01
1.114000000000000057e+01
1.056000000000000050e+01
1.158000000000000007e+01
1.156000000000000050e+01
1.025999999999999979e+01
9.859999999999999432e+00
1.185999999999999943e+01
1.166000000000000014e+01
1.074000000000000021e+01
1.088000000000000078e+01
1.151999999999999957e+01
1.088000000000000078e+01
1.190000000000000036e+01
1.182000000000000028e+01
1.190000000000000036e+01
1.177999999999999936e+01
1.167999999999999972e+01
1.290000000000000036e+01
1.072000000000000064e+01
1.230000000000000071e+01
1.098000000000000043e+01
1.127999999999999936e+01
1.237999999999999901e+01
1.230000000000000071e+01
1.106000000000000050e+01
1.240000000000000036e+01
1.156000000000000050e+01
1.116000000000000014e+01
1.058000000000000007e+01
1.122000000000000064e+01
1.051999999999999957e+01
1.456000000000000050e+01
1.201999999999999957e+01
1.191999999999999993e+01
1.140000000000000036e+01
1.040000000000000036e+01
1.080000000000000071e+01
1.093999999999999950e+01
1.117999999999999972e+01
1.148000000000000043e+01
1.117999999999999972e+01
1.066000000000000014e+01
1.362000000000000099e+01
1.140000000000000036e+01
1.414000000000000057e+01
1.317999999999999972e+01
1.151999999999999957e+01
1.056000000000000050e+01
1.125999999999999979e+01
1.053999999999999915e+01
1.051999999999999957e+01
1.103999999999999915e+01
1.290000000000000036e+01
1.116000000000000014e+01
1.137999999999999901e+01
1.143999999999999950e+01
1.114000000000000057e+01
1.237999999999999901e+01
1.080000000000000071e+01
1.135999999999999943e+01
1.216000000000000014e+01
1.212000000000000099e+01
1.000000000000000000e+01
1.190000000000000036e+01
1.187999999999999901e+01
1.198000000000000043e+01
1.222000000000000064e+01
1.119999999999999929e+01
1.069999999999999929e+01
1.153999999999999915e+01
1.169999999999999929e+01
1.332000000000000028e+01
1.271999999999999886e+01
1.077999999999999936e+01
1.091999999999999993e+01
1.206000000000000050e+01
1.214000000000000057e+01
1.187999999999999901e+01
1.098000000000000043e+01
1.080000000000000071e+01
1.083999999999999986e+01
1.072000000000000064e+01
1.106000000000000050e+01
1.146000000000000085e+01
1.240000000000000036e+01
1.151999999999999957e+01
1.208000000000000007e+01
1.216000000000000014e+01
1.124000000000000021e+01
1.064000000000000057e+01
1.291999999999999993e+01
1.106000000000000050e+01
1.127999999999999936e+01
1.148000000000000043e+01
1.240000000000000036e+01
1.253999999999999915e+01
1.066000000000000014e+01
1.114000000000000057e+01
1.066000000000000014e+01
1.108000000000000007e+01
1.177999999999999936e+01
1.091999999999999993e+01
1.158000000000000007e+01
1.108000000000000007e+01
1.088000000000000078e+01
1.101999999999999957e+01
1.140000000000000036e+01
1.169999999999999929e+01
1.061999999999999922e+01
1.100000000000000000e+01
1.156000000000000050e+01
1.127999999999999936e+01
1.146000000000000085e+01
1.074000000000000021e+01
1.148000000000000043e+01
1.140000000000000036e+01
1.096000000000000085e+01
1.259999999999999964e+01
1.130000000000000071e+01
1.114000000000000057e+01
1.074000000000000021e+01
1.169999999999999929e+01
1.146000000000000085e+01
1.169999999999999929e+01
1.198000000000000043e+01
1.172000000000000064e+01
1.175999999999999979e+01
1.151999999999999957e+01
1.096000000000000085e+01
1.043999999999999950e+01
1.391999999999999993e+01
1.175999999999999979e+01
1.150000000000000000e+01
1.109999999999999964e+01
1.175999999999999979e+01
1.182000000000000028e+01
1.051999999999999957e+01
1.158000000000000007e+01
1.133999999999999986e+01
1.175999999999999979e+01
1.158000000000000007e+01
1.167999999999999972e+01
1.133999999999999986e+01
1.158000000000000007e+01
1.080000000000000071e+01
1.275999999999999979e+01
1.130000000000000071e+01
1.209999999999999964e+01
1.058000000000000007e+01
1.066000000000000014e+01
1.074000000000000021e+01
1.085999999999999943e+01
1.038000000000000078e+01
1.067999999999999972e+01
1.017999999999999972e+01
1.114000000000000057e+01
1.212000000000000099e+01
1.133999999999999986e+01
1.151999999999999957e+01
1.401999999999999957e+01
1.233999999999999986e+01
1.159999999999999964e+01
1.282000000000000028e+01
1.248000000000000043e+01
1.217999999999999972e+01
1.250000000000000000e+01
1.217999999999999972e+01
1.090000000000000036e+01
1.258000000000000007e+01
1.319999999999999929e+01
1.156000000000000050e+01
1.133999999999999986e+01
1.158000000000000007e+01
1.130000000000000071e+01
1.250000000000000000e+01
1.035999999999999943e+01
1.085999999999999943e+01
1.066000000000000014e+01
1.240000000000000036e+01
1.250000000000000000e+01
1.133999999999999986e+01
1.153999999999999915e+01
1.200000000000000000e+01
1.177999999999999936e+01
1.143999999999999950e+01
1.274000000000000021e+01
1.090000000000000036e+01
1.108000000000000007e+01
1.146000000000000085e+01
1.201999999999999957e+01
1.112000000000000099e+01
1.103999999999999915e+01
1.225999999999999979e+01
1.109999999999999964e+01
1.074000000000000021e+01
1.067999999999999972e+01
1.058000000000000007e+01
1.077999999999999936e+01
1.158000000000000007e+01
1.122000000000000064e+01
1.174000000000000021e+01
1.083999999999999986e+01
1.208000000000000007e+01
1.130000000000000071e+01
1.209999999999999964e+01
1.219999999999999929e+01
1.077999999999999936e+01
1.112000000000000099e+01
1.258000000000000007e+01
1.166000000000000014e+01
1.109999999999999964e+01
1.209999999999999964e+01
1.122000000000000064e+01
1.048000000000000043e+01
1.219999999999999929e+01
1.153999999999999915e+01
1.080000000000000071e+01
1.106000000000000050e+01
1.400000000000000000e+01
1.125999999999999979e+01
1.108000000000000007e+01
1.116000000000000014e+01
1.093999999999999950e+01
1.369999999999999929e+01
1.172000000000000064e+01
1.132000000000000028e+01
1.293999999999999950e+01
1.116000000000000014e+01
1.064000000000000057e+01
1.193999999999999950e+01
1.116000000000000014e+01
1.269999999999999929e+01
1.093999999999999950e+01
1.159999999999999964e+01
1.100000000000000000e+01
1.328000000000000114e+01
1.046000000000000085e+01
1.117999999999999972e+01
1.148000000000000043e+01
1.217999999999999972e+01
1.287999999999999901e+01
1.122000000000000064e+01
1.133999999999999986e+01
1.112000000000000099e+01
1.050000000000000000e+01
1.172000000000000064e+01
1.083999999999999986e+01
1.067999999999999972e+01
1.114000000000000057e+01
1.090000000000000036e+01
1.119999999999999929e+01
1.164000000000000057e+01
1.109999999999999964e+01
1.069999999999999929e+01
1.208000000000000007e+01
1.051999999999999957e+01
1.201999999999999957e+01
1.201999999999999957e+01
1.166000000000000014e+01
1.148000000000000043e+01
1.132000000000000028e+01
1.417999999999999972e+01
1.124000000000000021e+01
1.124000000000000021e+01
1.177999999999999936e+01
1.116000000000000014e+01
1.209999999999999964e+01
1.328000000000000114e+01
1.183999999999999986e+01
1.082000000000000028e+01
1.159999999999999964e+01
1.064000000000000057e+01
1.103999999999999915e+01
1.033999999999999986e+01
1.122000000000000064e+01
1.201999999999999957e+01
1.090000000000000036e+01
1.041999999999999993e+01
1.156000000000000050e+01
1.096000000000000085e+01
1.043999999999999950e+01
1.098000000000000043e+01
1.185999999999999943e+01
1.250000000000000000e+01
1.132000000000000028e+01
1.119999999999999929e+01
1.169999999999999929e+01
1.114000000000000057e+01
1.187999999999999901e+01
1.124000000000000021e+01
1.167999999999999972e+01
1.117999999999999972e+01
1.083999999999999986e+01
1.132000000000000028e+01
1.088000000000000078e+01
1.214000000000000057e+01
1.103999999999999915e+01
1.262000000000000099e+01
1.109999999999999964e+01
1.116000000000000014e+01
1.183999999999999986e+01
1.141999999999999993e+01
1.122000000000000064e+01
1.183999999999999986e+01
1.090000000000000036e+01
1.072000000000000064e+01
1.198000000000000043e+01
1.116000000000000014e+01
1.030000000000000071e+01
1.183999999999999986e+01
1.156000000000000050e+01
1.250000000000000000e+01
1.166000000000000014e+01
1.109999999999999964e+01
1.098000000000000043e+01
1.198000000000000043e+01
1.230000000000000071e+01
1.106000000000000050e+01
1.146000000000000085e+01
1.127999999999999936e+01
1.132000000000000028e+01
1.108000000000000007e+01
1.067999999999999972e+01
1.164000000000000057e+01
1.133999999999999986e+01
1.262000000000000099e+01
1.143999999999999950e+01
1.122000000000000064e+01
1.148000000000000043e+01
1.119999999999999929e+01
1.296000000000000085e+01
1.088000000000000078e+01
1.040000000000000036e+01
1.100000000000000000e+01
1.124000000000000021e+01
1.106000000000000050e+01
1.080000000000000071e+01
1.106000000000000050e+01
1.100000000000000000e+01
1.119999999999999929e+01
1.009999999999999964e+01
1.262000000000000099e+01
1.364000000000000057e+01
1.180000000000000071e+01
1.114000000000000057e+01
1.185999999999999943e+01
1.103999999999999915e+01
1.103999999999999915e+01
1.240000000000000036e+01
1.185999999999999943e+01
1.353999999999999915e+01
1.088000000000000078e+01
1.093999999999999950e+01
1.148000000000000043e+01
1.164000000000000057e+01
1.088000000000000078e+01
1.158000000000000007e+01
1.143999999999999950e+01
1.159999999999999964e+01
1.108000000000000007e+01
1.151999999999999957e+01
1.137999999999999901e+01
1.067999999999999972e+01
1.080000000000000071e+01
1.141999999999999993e+01
1.137999999999999901e+01
1.077999999999999936e+01
1.050000000000000000e+01
1.100000000000000000e+01
1.082000000000000028e+01
1.296000000000000085e+01
1.083999999999999986e+01
1.137999999999999901e+01
1.146000000000000085e+01
1.146000000000000085e+01
1.090000000000000036e+01
1.116000000000000014e+01
9.640000000000000568e+00
1.166000000000000014e+01
1.167999999999999972e+01
1.150000000000000000e+01
1.303999999999999915e+01
1.151999999999999957e+01
1.146000000000000085e+01
1.250000000000000000e+01
1.103999999999999915e+01
1.132000000000000028e+01
1.172000000000000064e+01
1.056000000000000050e+01
1.080000000000000071e+01
1.156000000000000050e+01
1.067999999999999972e+01
1.296000000000000085e+01
1.208000000000000007e+01
1.098000000000000043e+01
1.093999999999999950e+01
1.206000000000000050e+01
1.224000000000000021e+01
1.090000000000000036e+01
1.112000000000000099e+01
1.203999999999999915e+01
1.083999999999999986e+01
1.124000000000000021e+01
1.124000000000000021e+01
1.043999999999999950e+01
1.098000000000000043e+01
1.051999999999999957e+01
1.156000000000000050e+01
1.209999999999999964e+01
1.124000000000000021e+01
1.224000000000000021e+01
1.141999999999999993e+01
1.114000000000000057e+01
1.191999999999999993e+01
1.190000000000000036e+01
1.209999999999999964e+01
1.135999999999999943e+01
1.217999999999999972e+01
1.127999999999999936e+01
1.319999999999999929e+01
1.151999999999999957e+01
1.098000000000000043e+01
1.264000000000000057e+01
1.048000000000000043e+01
1.158000000000000007e+01
1.061999999999999922e+01
1.217999999999999972e+01
1.135999999999999943e+01
1.143999999999999950e+01
1.112000000000000099e+01
1.156000000000000050e+01
1.093999999999999950e+01
1.159999999999999964e+01
1.117999999999999972e+01
1.146000000000000085e+01
1.124000000000000021e+01
1.332000000000000028e+01
1.175999999999999979e+01
1.125999999999999979e+01
1.061999999999999922e+01
1.190000000000000036e+01
1.198000000000000043e+01
1.103999999999999915e+01
1.172000000000000064e+01
1.109999999999999964e+01
1.093999999999999950e+01
1.150000000000000000e+01
1.166000000000000014e+01
1.122000000000000064e+01
1.088000000000000078e+01
1.341999999999999993e+01
1.159999999999999964e+01
1.135999999999999943e+01
1.183999999999999986e+01
1.141999999999999993e+01
1.143999999999999950e+01
1.290000000000000036e+01
1.146000000000000085e+01
1.308000000000000007e+01
1.180000000000000071e+01
1.156000000000000050e+01
1.114000000000000057e+01
1.156000000000000050e+01
1.196000000000000085e+01
1.175999999999999979e+01
1.214000000000000057e+01
1.159999999999999964e+01
1.011999999999999922e+01
1.146000000000000085e+01
1.122000000000000064e+01
1.243999999999999950e+01
1.133999999999999986e+01
1.117999999999999972e+01
1.074000000000000021e+01
1.350000000000000000e+01
1.114000000000000057e+01
1.140000000000000036e+01
1.027999999999999936e+01
1.117999999999999972e+01
1.046000000000000085e+01
1.077999999999999936e+01
1.174000000000000021e+01
1.319999999999999929e+01
1.061999999999999922e+01
1.064000000000000057e+01
1.101999999999999957e+01
1.237999999999999901e+01
1.082000000000000028e+01
1.219999999999999929e+01
1.316000000000000014e+01
1.216000000000000014e+01
1.109999999999999964e+01
1.127999999999999936e+01
1.259999999999999964e+01
1.378000000000000114e+01
1.125999999999999979e+01
1.033999999999999986e+01
1.114000000000000057e+01
1.180000000000000071e+01
1.314000000000000057e+01
1.235999999999999943e+01
1.112000000000000099e+01
1.124000000000000021e+01
1.150000000000000000e+01
1.159999999999999964e+01
1.132000000000000028e+01
1.190000000000000036e+01
1.156000000000000050e+01
1.050000000000000000e+01
1.243999999999999950e+01
1.125999999999999979e+01
1.077999999999999936e+01
1.187999999999999901e+01
1.056000000000000050e+01
1.267999999999999972e+01
1.158000000000000007e+01
1.196000000000000085e+01
1.259999999999999964e+01
1.325999999999999979e+01
1.203999999999999915e+01
1.158000000000000007e+01
1.041999999999999993e+01
1.127999999999999936e+01
1.177999999999999936e+01
1.133999999999999986e+01
1.151999999999999957e+01
1.141999999999999993e+01
1.117999999999999972e+01
1.193999999999999950e+01
1.306000000000000050e+01
1.196000000000000085e+01
1.090000000000000036e+01
1.175999999999999979e+01
1.159999999999999964e+01
1.100000000000000000e+01
1.235999999999999943e+01
1.093999999999999950e+01
1.080000000000000071e+01
1.077999999999999936e+01
1.143999999999999950e+01
1.190000000000000036e+01
1.022000000000000064e+01
1.122000000000000064e+01
1.150000000000000000e+01
1.190000000000000036e+01
1.041999999999999993e+01
1.183999999999999986e+01
1.140000000000000036e+01
1.153999999999999915e+01
1.158000000000000007e+01
1.090000000000000036e+01
1.164000000000000057e+01
1.212000000000000099e+01
1.271999999999999886e+01
1.024000000000000021e+01
1.285999999999999943e+01
1.114000000000000057e+01
1.043999999999999950e+01
1.116000000000000014e+01
1.198000000000000043e+01
1.114000000000000057e+01
1.075999999999999979e+01
1.027999999999999936e+01
1.117999999999999972e+01
1.124000000000000021e+01
1.074000000000000021e+01
1.137999999999999901e+01
1.312000000000000099e+01
1.319999999999999929e+01
1.217999999999999972e+01
1.091999999999999993e+01
1.287999999999999901e+01
1.237999999999999901e+01
1.080000000000000071e+01
1.143999999999999950e+01
1.269999999999999929e+01
1.051999999999999957e+01
1.140000000000000036e+01
1.248000000000000043e+01
1.140000000000000036e+01
1.083999999999999986e+01
1.230000000000000071e+01
1.133999999999999986e+01
1.096000000000000085e+01
1.035999999999999943e+01
1.200000000000000000e+01
1.114000000000000057e+01
1.133999999999999986e+01
1.140000000000000036e+01
1.151999999999999957e+01
1.196000000000000085e+01
1.317999999999999972e+01
1.141999999999999993e+01
1.116000000000000014e+01
1.106000000000000050e+01
1.098000000000000043e+01
1.158000000000000007e+01
1.083999999999999986e+01
1.166000000000000014e+01
1.183999999999999986e+01
1.108000000000000007e+01
1.064000000000000057e+01
1.141999999999999993e+01
1.219999999999999929e+01
1.117999999999999972e+01
1.250000000000000000e+01
1.150000000000000000e+01
1.140000000000000036e+01
1.085999999999999943e+01
1.187999999999999901e+01
1.209999999999999964e+01
1.093999999999999950e+01
1.175999999999999979e+01
1.059999999999999964e+01
1.187999999999999901e+01
1.140000000000000036e+01
1.130000000000000071e+01
1.130000000000000071e+01
1.174000000000000021e+01
1.112000000000000099e+01
1.061999999999999922e+01
1.267999999999999972e+01
1.132000000000000028e+01
1.119999999999999929e+01
1.114000000000000057e+01
1.291999999999999993e+01
1.216000000000000014e+01
1.141999999999999993e+01
1.148000000000000043e+01
1.117999999999999972e+01
1.122000000000000064e+01
1.122000000000000064e+01
1.064000000000000057e+01
1.106000000000000050e+01
1.390000000000000036e+01
1.143999999999999950e+01
1.048000000000000043e+01
1.256000000000000050e+01
1.140000000000000036e+01
1.143999999999999950e+01
1.085999999999999943e+01
1.119999999999999929e+01
1.232000000000000028e+01
1.169999999999999929e+01
1.122000000000000064e+01
1.008000000000000007e+01
1.109999999999999964e+01
1.114000000000000057e+01
1.251999999999999957e+01
1.114000000000000057e+01
1.216000000000000014e+01
1.159999999999999964e+01
1.190000000000000036e+01
1.246000000000000085e+01
1.280000000000000071e+01
1.166000000000000014e+01
1.103999999999999915e+01
1.114000000000000057e+01
1.148000000000000043e+01
1.151999999999999957e+01
1.153999999999999915e+01
1.259999999999999964e+01
1.103999999999999915e+01
1.143999999999999950e+01
1.172000000000000064e+01
1.185999999999999943e+01
1.164000000000000057e+01
1.043999999999999950e+01
1.069999999999999929e+01
1.093999999999999950e+01
1.158000000000000007e+01
1.125999999999999979e+01
1.140000000000000036e+01
1.106000000000000050e+01
1.125999999999999979e+01
1.153999999999999915e+01
1.116000000000000014e+01
1.119999999999999929e+01
1.193999999999999950e+01
1.217999999999999972e+01
1.100000000000000000e+01
1.098000000000000043e+01
1.200000000000000000e+01
1.258000000000000007e+01
1.059999999999999964e+01
1.214000000000000057e+01
1.101999999999999957e+01
1.127999999999999936e+01
1.240000000000000036e+01
1.132000000000000028e+01
1.075999999999999979e+01
1.208000000000000007e+01
1.096000000000000085e+01
1.082000000000000028e+01
1.167999999999999972e+01
1.232000000000000028e+01
1.093999999999999950e+01
1.117999999999999972e+01
1.317999999999999972e+01
1.040000000000000036e+01
1.082000000000000028e+01
1.101999999999999957e+01
1.230000000000000071e+01
1.153999999999999915e+01
1.187999999999999901e+01
1.350000000000000000e+01
1.148000000000000043e+01
1.274000000000000021e+01
1.180000000000000071e+01
1.116000000000000014e+01
1.224000000000000021e+01
1.240000000000000036e+01
1.182000000000000028e+01
1.185999999999999943e+01
1.114000000000000057e+01
1.030000000000000071e+01
1.246000000000000085e+01
1.237999999999999901e+01
1.093999999999999950e+01
1.233999999999999986e+01
1.132000000000000028e+01
1.069999999999999929e+01
1.114000000000000057e+01
1.053999999999999915e+01
1.206000000000000050e+01
1.175999999999999979e+01
1.190000000000000036e+01
1.248000000000000043e+01
1.140000000000000036e+01
1.150000000000000000e+01
1.183999999999999986e+01
1.243999999999999950e+01
1.172000000000000064e+01
1.114000000000000057e+01
1.090000000000000036e+01
1.177999999999999936e+01
1.191999999999999993e+01
1.133999999999999986e+01
1.159999999999999964e+01
1.153999999999999915e+01
1.085999999999999943e+01
1.175999999999999979e+01
1.006000000000000050e+01
1.150000000000000000e+01
1.146000000000000085e+01
1.333999999999999986e+01
1.051999999999999957e+01
1.080000000000000071e+01
1.133999999999999986e+01
1.167999999999999972e+01
1.172000000000000064e+01
1.074000000000000021e+01
1.130000000000000071e+01
1.069999999999999929e+01
1.201999999999999957e+01
1.235999999999999943e+01
1.103999999999999915e+01
1.253999999999999915e+01
1.225999999999999979e+01
1.103999999999999915e+01
1.124000000000000021e+01
9.839999999999999858e+00
1.182000000000000028e+01
1.132000000000000028e+01
1.183999999999999986e+01
1.117999999999999972e+01
1.038000000000000078e+01
1.322000000000000064e+01
1.133999999999999986e+01
1.088000000000000078e+01
1.177999999999999936e+01
1.093999999999999950e+01
1.262000000000000099e+01
1.117999999999999972e+01
1.108000000000000007e+01
1.191999999999999993e+01
1.067999999999999972e+01
1.074000000000000021e+01
1.198000000000000043e+01
1.019999999999999929e+01
1.191999999999999993e+01
1.306000000000000050e+01
1.201999999999999957e+01
1.114000000000000057e+01
1.183999999999999986e+01
1.182000000000000028e+01
1.274000000000000021e+01
1.098000000000000043e+01
1.206000000000000050e+01
1.072000000000000064e+01
1.130000000000000071e+01
1.200000000000000000e+01
1.100000000000000000e+01
1.035999999999999943e+01
1.166000000000000014e+01
1.250000000000000000e+01
1.135999999999999943e+01
1.217999999999999972e+01
1.108000000000000007e+01
1.193999999999999950e+01
1.132000000000000028e+01
1.114000000000000057e+01
1.127999999999999936e+01
1.059999999999999964e+01
1.182000000000000028e+01
1.058000000000000007e+01
1.069999999999999929e+01
1.196000000000000085e+01
1.185999999999999943e+01
1.177999999999999936e+01
1.117999999999999972e+01
1.262000000000000099e+01
1.059999999999999964e+01
1.306000000000000050e+01
1.183999999999999986e+01
1.203999999999999915e+01
1.103999999999999915e+01
1.143999999999999950e+01
1.072000000000000064e+01
1.043999999999999950e+01
1.072000000000000064e+01
1.283999999999999986e+01
1.083999999999999986e+01
1.100000000000000000e+01
1.266000000000000014e+01
1.133999999999999986e+01
1.141999999999999993e+01
1.271999999999999886e+01
1.043999999999999950e+01
1.098000000000000043e+01
1.191999999999999993e+01
1.243999999999999950e+01
1.082000000000000028e+01
1.114000000000000057e+01
1.124000000000000021e+01
1.108000000000000007e+01
1.177999999999999936e+01
1.088000000000000078e+01
1.106000000000000050e+01
1.167999999999999972e+01
1.137999999999999901e+01
1.140000000000000036e+01
1.043999999999999950e+01
1.093999999999999950e+01
1.350000000000000000e+01
1.085999999999999943e+01
1.061999999999999922e+01
1.119999999999999929e+01
1.048000000000000043e+01
1.133999999999999986e+01
1.174000000000000021e+01
1.009999999999999964e+01
1.182000000000000028e+01
1.159999999999999964e+01
1.109999999999999964e+01
1.169999999999999929e+01
1.183999999999999986e+01
1.293999999999999950e+01
1.000000000000000000e+01
1.219999999999999929e+01
1.141999999999999993e+01
1.198000000000000043e+01
1.164000000000000057e+01
1.196000000000000085e+01
1.059999999999999964e+01
1.340000000000000036e+01
1.050000000000000000e+01
1.164000000000000057e+01
1.150000000000000000e+01
1.180000000000000071e+01
1.130000000000000071e+01
1.100000000000000000e+01
1.183999999999999986e+01
1.250000000000000000e+01
1.032000000000000028e+01
1.091999999999999993e+01
1.141999999999999993e+01
1.112000000000000099e+01
1.158000000000000007e+01
1.135999999999999943e+01
1.040000000000000036e+01
1.080000000000000071e+01
1.119999999999999929e+01
1.141999999999999993e+01
1.101999999999999957e+01
1.093999999999999950e+01
1.133999999999999986e+01
1.064000000000000057e+01
1.206000000000000050e+01
1.072000000000000064e+01
1.135999999999999943e+01
1.125999999999999979e+01
1.125999999999999979e+01
1.019999999999999929e+01
1.132000000000000028e+01
1.341999999999999993e+01
1.114000000000000057e+01
1.064000000000000057e+01
1.150000000000000000e+01
1.182000000000000028e+01
1.135999999999999943e+01
1.158000000000000007e+01
1.103999999999999915e+01
1.119999999999999929e+01
1.182000000000000028e+01
1.159999999999999964e+01
1.191999999999999993e+01
1.090000000000000036e+01
1.083999999999999986e+01
1.116000000000000014e+01
1.187999999999999901e+01
1.082000000000000028e+01
1.085999999999999943e+01
1.212000000000000099e+01
1.030000000000000071e+01
1.141999999999999993e+01
1.164000000000000057e+01
1.117999999999999972e+01
1.190000000000000036e+01
1.153999999999999915e+01
1.093999999999999950e+01
1.275999999999999979e+01
1.193999999999999950e+01
1.077999999999999936e+01
1.098000000000000043e+01
1.117999999999999972e+01
1.117999999999999972e+01
1.153999999999999915e+01
1.056000000000000050e+01
1.180000000000000071e+01
1.143999999999999950e+01
1.159999999999999964e+01
1.082000000000000028e+01
1.112000000000000099e+01
1.146000000000000085e+01
1.148000000000000043e+01
1.148000000000000043e+01
1.185999999999999943e+01
1.208000000000000007e+01
1.000000000000000000e+01
1.101999999999999957e+01
1.282000000000000028e+01
1.022000000000000064e+01
1.275999999999999979e+01
1.201999999999999957e+01
1.017999999999999972e+01
1.156000000000000050e+01
1.217999999999999972e+01
1.093999999999999950e+01
1.009999999999999964e+01
1.191999999999999993e+01
1.187999999999999901e+01
1.159999999999999964e+01
1.109999999999999964e+01
1.108000000000000007e+01
1.130000000000000071e+01
1.103999999999999915e+01
1.075999999999999979e+01
1.072000000000000064e+01
1.030000000000000071e+01
1.243999999999999950e+01
1.061999999999999922e+01
1.206000000000000050e+01
1.225999999999999979e+01
1.159999999999999964e+01
1.172000000000000064e+01
1.156000000000000050e+01
1.082000000000000028e+01
1.067999999999999972e+01
1.101999999999999957e+01
1.119999999999999929e+01
1.033999999999999986e+01
1.182000000000000028e+01
1.101999999999999957e+01
1.183999999999999986e+01
1.061999999999999922e+01
1.083999999999999986e+01
1.064000000000000057e+01
1.198000000000000043e+01
1.098000000000000043e+01
1.135999999999999943e+01
1.187999999999999901e+01
1.124000000000000021e+01
1.100000000000000000e+01
1.093999999999999950e+01
1.156000000000000050e+01
1.201999999999999957e+01
1.175999999999999979e+01
1.112000000000000099e+01
1.114000000000000057e+01
1.035999999999999943e+01
1.035999999999999943e+01
1.241999999999999993e+01
1.133999999999999986e+01
1.146000000000000085e+01
1.059999999999999964e+01
1.022000000000000064e+01
1.009999999999999964e+01
1.166000000000000014e+01
1.133999999999999986e+01
1.100000000000000000e+01
1.159999999999999964e+01
1.117999999999999972e+01
1.162000000000000099e+01
1.201999999999999957e+01
1.135999999999999943e+01
1.130000000000000071e+01
1.074000000000000021e+01
1.185999999999999943e+01
1.056000000000000050e+01
1.124000000000000021e+01
1.243999999999999950e+01
1.090000000000000036e+01
1.190000000000000036e+01
1.358000000000000007e+01
1.088000000000000078e+01
1.100000000000000000e+01
1.206000000000000050e+01
1.291999999999999993e+01
1.101999999999999957e+01
1.259999999999999964e+01
1.119999999999999929e+01
1.166000000000000014e+01
1.088000000000000078e+01
1.090000000000000036e+01
1.172000000000000064e+01
1.096000000000000085e+01
1.103999999999999915e+01
1.212000000000000099e+01
1.124000000000000021e+01
1.203999999999999915e+01
1.088000000000000078e+01
1.069999999999999929e+01
1.193999999999999950e+01
1.200000000000000000e+01
1.230000000000000071e+01
1.167999999999999972e+01
1.088000000000000078e+01
1.022000000000000064e+01
1.248000000000000043e+01
1.187999999999999901e+01
1.091999999999999993e+01
1.043999999999999950e+01
1.140000000000000036e+01
1.198000000000000043e+01
1.156000000000000050e+01
1.159999999999999964e+01
1.127999999999999936e+01
1.203999999999999915e+01
1.290000000000000036e+01
1.275999999999999979e+01
1.127999999999999936e+01
1.303999999999999915e+01
1.108000000000000007e+01
1.141999999999999993e+01
1.172000000000000064e+01
1.056000000000000050e+01
1.064000000000000057e+01
1.143999999999999950e+01
1.098000000000000043e+01
1.112000000000000099e+01
1.119999999999999929e+01
1.164000000000000057e+01
1.096000000000000085e+01
1.174000000000000021e+01
1.119999999999999929e+01
1.140000000000000036e+01
1.141999999999999993e+01
1.187999999999999901e+01
1.117999999999999972e+01
1.287999999999999901e+01
1.182000000000000028e+01
1.156000000000000050e+01
1.085999999999999943e+01
1.328000000000000114e+01
1.082000000000000028e+01
1.158000000000000007e+01
1.125999999999999979e+01
1.119999999999999929e+01
1.085999999999999943e+01
1.183999999999999986e+01
1.151999999999999957e+01
1.069999999999999929e+01
1.324000000000000021e+01
1.164000000000000057e+01
1.124000000000000021e+01
1.246000000000000085e+01
1.124000000000000021e+01
1.216000000000000014e+01
1.208000000000000007e+01
1.117999999999999972e+01
1.091999999999999993e+01
1.101999999999999957e+01
1.114000000000000057e+01
1.061999999999999922e+01
1.051999999999999957e+01
1.183999999999999986e+01
1.148000000000000043e+01
1.224000000000000021e+01
1.098000000000000043e+01
1.101999999999999957e+01
1.177999999999999936e+01
1.127999999999999936e+01
1.156000000000000050e+01
1.053999999999999915e+01
1.253999999999999915e+01
1.167999999999999972e+01
1.114000000000000057e+01
1.156000000000000050e+01
1.059999999999999964e+01
1.053999999999999915e+01
1.143999999999999950e+01
1.119999999999999929e+01
1.159999999999999964e+01
1.225999999999999979e+01
1.235999999999999943e+01
1.117999999999999972e+01
1.041999999999999993e+01
1.219999999999999929e+01
1.124000000000000021e+01
1.038000000000000078e+01
1.058000000000000007e+01
1.116000000000000014e+01
1.224000000000000021e+01
9.960000000000000853e+00
1.185999999999999943e+01
1.137999999999999901e+01
1.135999999999999943e+01
1.156000000000000050e+01
1.080000000000000071e+01
1.190000000000000036e+01
1.112000000000000099e+01
1.201999999999999957e+01
1.158000000000000007e+01
1.108000000000000007e+01
1.164000000000000057e+01
1.146000000000000085e+01
1.061999999999999922e+01
1.072000000000000064e+01
1.125999999999999979e+01
1.106000000000000050e+01
1.117999999999999972e+01
1.114000000000000057e+01
1.119999999999999929e+01
1.064000000000000057e+01
1.158000000000000007e+01
1.159999999999999964e+01
1.140000000000000036e+01
1.151999999999999957e+01
1.122000000000000064e+01
1.124000000000000021e+01
1.083999999999999986e+01
1.141999999999999993e+01
1.108000000000000007e+01
1.072000000000000064e+01
1.135999999999999943e+01
1.143999999999999950e+01
1.114000000000000057e+01
1.169999999999999929e+01
1.391999999999999993e+01
1.074000000000000021e+01
1.122000000000000064e+01
1.201999999999999957e+01
1.116000000000000014e+01
1.108000000000000007e+01
1.106000000000000050e+01
1.082000000000000028e+01
1.193999999999999950e+01
1.014000000000000057e+01
1.127999999999999936e+01
1.177999999999999936e+01
1.182000000000000028e+01
1.190000000000000036e+01
1.193999999999999950e+01
1.108000000000000007e+01
1.122000000000000064e+01
1.116000000000000014e+01
1.109999999999999964e+01
1.140000000000000036e+01
1.108000000000000007e+01
1.141999999999999993e+01
1.275999999999999979e+01
1.135999999999999943e+01
1.046000000000000085e+01
1.180000000000000071e+01
1.200000000000000000e+01
1.193999999999999950e+01
1.141999999999999993e+01
1.043999999999999950e+01
1.137999999999999901e+01
1.258000000000000007e+01
1.116000000000000014e+01
1.174000000000000021e+01
1.100000000000000000e+01
1.140000000000000036e+01
1.153999999999999915e+01
1.219999999999999929e+01
1.174000000000000021e+01
1.196000000000000085e+01
1.200000000000000000e+01
1.100000000000000000e+01
1.291999999999999993e+01
1.151999999999999957e+01
1.122000000000000064e+01
1.153999999999999915e+01
1.172000000000000064e+01
1.187999999999999901e+01
1.040000000000000036e+01
1.280000000000000071e+01
1.280000000000000071e+01
1.098000000000000043e+01
1.056000000000000050e+01
1.151999999999999957e+01
1.077999999999999936e+01
1.459999999999999964e+01
1.109999999999999964e+01
1.074000000000000021e+01
1.122000000000000064e+01
1.201999999999999957e+01
1.112000000000000099e+01
1.196000000000000085e+01
1.046000000000000085e+01
1.143999999999999950e+01
1.088000000000000078e+01
1.090000000000000036e+01
1.108000000000000007e+01
1.146000000000000085e+01
1.066000000000000014e+01
1.169999999999999929e+01
1.125999999999999979e+01
1.082000000000000028e+01
1.148000000000000043e+01
1.103999999999999915e+01
1.124000000000000021e+01
1.108000000000000007e+01
1.146000000000000085e+01
1.053999999999999915e+01
1.248000000000000043e+01
1.085999999999999943e+01
1.096000000000000085e+01
1.198000000000000043e+01
1.159999999999999964e+01
1.085999999999999943e+01
1.075999999999999979e+01
1.153999999999999915e+01
1.193999999999999950e+01
1.103999999999999915e+01
1.203999999999999915e+01
1.125999999999999979e+01
1.100000000000000000e+01
1.135999999999999943e+01
1.151999999999999957e+01
1.083999999999999986e+01
1.151999999999999957e+01
1.233999999999999986e+01
1.135999999999999943e+01
1.066000000000000014e+01
1.201999999999999957e+01
1.125999999999999979e+01
1.046000000000000085e+01
1.150000000000000000e+01
1.156000000000000050e+01
1.237999999999999901e+01
1.048000000000000043e+01
1.109999999999999964e+01
1.153999999999999915e+01
1.191999999999999993e+01
1.056000000000000050e+01
1.125999999999999979e+01
1.353999999999999915e+01
1.116000000000000014e+01
1.074000000000000021e+01
1.125999999999999979e+01
1.166000000000000014e+01
1.112000000000000099e+01
1.146000000000000085e+01
1.278000000000000114e+01
1.180000000000000071e+01
1.083999999999999986e+01
1.266000000000000014e+01
1.222000000000000064e+01
1.175999999999999979e+01
1.125999999999999979e+01
1.182000000000000028e+01
1.122000000000000064e+01
1.135999999999999943e+01
1.148000000000000043e+01
1.146000000000000085e+01
1.035999999999999943e+01
1.290000000000000036e+01
1.116000000000000014e+01
1.006000000000000050e+01
1.135999999999999943e+01
1.122000000000000064e+01
1.050000000000000000e+01
1.059999999999999964e+01
1.127999999999999936e+01
1.135999999999999943e+01
1.091999999999999993e+01
1.056000000000000050e+01
1.151999999999999957e+01
1.158000000000000007e+01
1.274000000000000021e+01
1.293999999999999950e+01
1.041999999999999993e+01
1.203999999999999915e+01
1.116000000000000014e+01
1.153999999999999915e+01
1.153999999999999915e+01
1.132000000000000028e+01
1.082000000000000028e+01
1.141999999999999993e+01
1.130000000000000071e+01
1.308000000000000007e+01
1.109999999999999964e+01
1.116000000000000014e+01
1.180000000000000071e+01
1.067999999999999972e+01
1.085999999999999943e+01
1.185999999999999943e+01
1.164000000000000057e+01
1.153999999999999915e+01
1.206000000000000050e+01
1.083999999999999986e+01
1.009999999999999964e+01
1.133999999999999986e+01
1.109999999999999964e+01
1.258000000000000007e+01
1.100000000000000000e+01
1.074000000000000021e+01
1.140000000000000036e+01
1.167999999999999972e+01
1.048000000000000043e+01
1.153999999999999915e+01
1.191999999999999993e+01
1.061999999999999922e+01
1.453999999999999915e+01
1.169999999999999929e+01
1.051999999999999957e+01
1.285999999999999943e+01
1.100000000000000000e+01
1.303999999999999915e+01
1.100000000000000000e+01
1.137999999999999901e+01
1.085999999999999943e+01
1.088000000000000078e+01
1.109999999999999964e+01
1.450000000000000000e+01
1.098000000000000043e+01
1.191999999999999993e+01
1.117999999999999972e+01
1.056000000000000050e+01
1.167999999999999972e+01
1.396000000000000085e+01
1.059999999999999964e+01
1.124000000000000021e+01
1.150000000000000000e+01
1.085999999999999943e+01
1.116000000000000014e+01
1.198000000000000043e+01
1.059999999999999964e+01
1.219999999999999929e+01
1.130000000000000071e+01
1.098000000000000043e+01
1.156000000000000050e+01
1.080000000000000071e+01
1.243999999999999950e+01
1.108000000000000007e+01
1.083999999999999986e+01
1.116000000000000014e+01
1.146000000000000085e+01
1.130000000000000071e+01
1.098000000000000043e+01
1.148000000000000043e+01
1.159999999999999964e+01
1.064000000000000057e+01
1.190000000000000036e+01
1.162000000000000099e+01
1.098000000000000043e+01
1.175999999999999979e+01
1.112000000000000099e+01
1.303999999999999915e+01
1.046000000000000085e+01
1.196000000000000085e+01
1.101999999999999957e+01
1.106000000000000050e+01
1.117999999999999972e+01
1.103999999999999915e+01
1.187999999999999901e+01
1.098000000000000043e+01
1.082000000000000028e+01
1.328000000000000114e+01
1.133999999999999986e+01
1.096000000000000085e+01
1.172000000000000064e+01
1.172000000000000064e+01
1.150000000000000000e+01
1.366000000000000014e+01
1.048000000000000043e+01
1.219999999999999929e+01
1.098000000000000043e+01
1.275999999999999979e+01
1.088000000000000078e+01
1.132000000000000028e+01
1.085999999999999943e+01
1.266000000000000014e+01
1.101999999999999957e+01
1.174000000000000021e+01
1.151999999999999957e+01
1.259999999999999964e+01
1.151999999999999957e+01
1.038000000000000078e+01
1.153999999999999915e+01
1.158000000000000007e+01
1.046000000000000085e+01
1.106000000000000050e+01
1.275999999999999979e+01
1.232000000000000028e+01
1.159999999999999964e+01
1.091999999999999993e+01
1.137999999999999901e+01
1.248000000000000043e+01
1.146000000000000085e+01
1.180000000000000071e+01
1.061999999999999922e+01
1.164000000000000057e+01
1.209999999999999964e+01
1.180000000000000071e+01
1.206000000000000050e+01
